PointPacket(point_id=array([ 0,  1,  2,  3,  4,  5,  6,  7,  8,  9, 10, 11, 12, 13, 14, 15, 16,
       17, 18, 19, 20, 21, 22, 23, 24, 25, 26, 27, 28, 29, 30, 31, 32]), img_loc=array([[   0,    0],
       [ 167,  -50],
       [  33, -377],
       [ 103, -617],
       [-160,   54],
       [-566, -215],
       [-284, -398],
       [  19,   16],
       [  36,  -83],
       [ -29, -144],
       [ -22,  -58],
       [-209,  -52],
       [-309,   97],
       [-402,  -65],
       [ 279, -110],
       [ 400,  -64],
       [ 173, -216],
       [ 100,  100],
       [ 100,  100],
       [ 100,  100],
       [ 100,  100],
       [ 100,  100],
       [ 100,  100],
       [ 100,  100],
       [ 100,  100],
       [ 100,  100],
       [ 100,  100],
       [ 100,  100],
       [ 100,  100],
       [ 100,  100],
       [ 100,  100],
       [ 100,  100],
       [ 100,  100]]), obj_loc=None, confidence=None)